 FINAL RESULT:
 ITERATION:            1           1
 PARAMETERS PART
 RATIO   1.0000000000000000E-002
 TIME INTERVAL   1.5586728273048984E-007
 REPTATION TIME   9.3520369638293910E-002
 BREAKAGE TIME   9.3520369638293906E-004
 MICELLE LENGTH   2.5199999936376116E-006
 PLATAEU   43.641915576649765     
 Le   2.7999999208105919E-007
 Lp   1.9999999434361371E-008
 d   3.9999998868722741E-009
 DATA PART
   1.0327614057613975E-002   3.0383031906601421E-008   8.9304525171761320E-004
   1.0665961212302578E-002   3.2406461329571332E-008   9.2230266958339812E-004
   1.1015393095414151E-002   3.4564646763695194E-008   9.5251860158669600E-004
   1.1376272858234310E-002   3.6866562757092952E-008   9.8372444999785154E-004
   1.1748975549395297E-002   3.9321781557648296E-008   1.0159526458696901E-003
   1.2133888504649774E-002   4.1940512920239935E-008   1.0492366827418711E-003
   1.2531411749414162E-002   4.4733646565233313E-008   1.0836111514494423E-003
   1.2941958414499863E-002   4.7712797464821337E-008   1.1191117760717788E-003
   1.3365955165464419E-002   5.0890354145560972E-008   1.1557754510592472E-003
   1.3803842646028852E-002   5.4279530208004289E-008   1.1936402795761970E-003
   1.4256075936021878E-002   5.7894419277695662E-008   1.2327456131001192E-003
   1.4723125024327186E-002   6.1750053616090024E-008   1.2731320923181286E-003
   1.5205475297324954E-002   6.5862466635158436E-008   1.3148416893632704E-003
   1.5703628043335523E-002   7.0248759575697333E-008   1.3579177514345493E-003
   1.6218100973589299E-002   7.4927172626667302E-008   1.4024050458460008E-003
   1.6749428760264373E-002   7.9917160781365565E-008   1.4483498065516489E-003
   1.7298163592151014E-002   8.5239474745938862E-008   1.4957997821946683E-003
   1.7864875748520508E-002   9.0916247236759037E-008   1.5448042857306972E-003
   1.8450154191794736E-002   9.6971085025599869E-008   1.5954142456769079E-003
   1.9054607179632473E-002   1.0342916711546577E-007   1.6476822590400318E-003
   1.9678862897068449E-002   1.1031734945542036E-007   1.7016626459784021E-003
   2.0323570109362220E-002   1.1766427662997053E-007   1.7574115062547720E-003
   2.0989398836235244E-002   1.2550050098756931E-007   1.8149867775386337E-003
   2.1677041048196951E-002   1.3385860970375155E-007   1.8744482956185766E-003
   2.2387211385683399E-002   1.4277336030742080E-007   1.9358578565872905E-003
   2.3120647901755942E-002   1.5228182523401587E-007   1.9992792810638242E-003
   2.3878112829131781E-002   1.6242354600683812E-007   2.0647784805198658E-003
   2.4660393372343388E-002   1.7324069768786658E-007   2.1324235257789343E-003
   2.5468302525850417E-002   1.8477826428212761E-007   2.2022847177597129E-003
   2.6302679918953815E-002   1.9708422582523581E-007   2.2744346605370141E-003
   2.7164392688390823E-002   2.1020975793234178E-007   2.3489483367963261E-003
   2.8054336379517132E-002   2.2420944463855902E-007   2.4259031857603239E-003
   2.8973435877013228E-002   2.3914150541624138E-007   2.5053791836683755E-003
   2.9922646366081891E-002   2.5506803731346206E-007   2.5874589268926472E-003
   3.0902954325135904E-002   2.7205527322096132E-007   2.6722277177771776E-003
   3.1915378551007616E-002   2.9017385734192589E-007   2.7597736532891754E-003
   3.2960971217745778E-002   3.0949913901054134E-007   2.8501877165746231E-003
   3.4040818970100091E-002   3.3011148608159826E-007   2.9435638715133326E-003
   3.5156044052829814E-002   3.5209661919486337E-007   3.0399991603717738E-003
   3.6307805477010138E-002   3.7554596830478255E-007   3.1395938046550990E-003
   3.7497300224548356E-002   4.0055705295871422E-007   3.2424513092631831E-003
   3.8725764492161724E-002   4.2723388790572578E-007   3.3486785700589583E-003
   3.9994474976109737E-002   4.5568741572335557E-007   3.4583859849607779E-003
   4.1304750199016145E-002   4.8603596826219335E-007   3.5716875686743182E-003
   4.2657951880159257E-002   5.1840575882801506E-007   3.6887010711831579E-003
   4.4055486350655343E-002   5.5293140714913766E-007   3.8095481001213056E-003
   4.5498806015004847E-002   5.8975649931305534E-007   3.9343542471546979E-003
   4.6989410860521559E-002   6.2903418500196380E-007   4.0632492185031267E-003
   4.8528850016212099E-002   6.7092781451195105E-007   4.1963669697381700E-003
   5.0118723362727248E-002   7.1561161820623408E-007   4.3338458449971853E-003
   5.1760683195056764E-002   7.6327143122935226E-007   4.4758287207581262E-003
   5.3456435939697164E-002   8.1410546649764985E-007   4.6224631543245144E-003
   5.5207743928075731E-002   8.6832513918218370E-007   4.7739015371748772E-003
   5.7016427228074748E-002   9.2615594611460344E-007   4.9303012533360221E-003
   5.8884365535558897E-002   9.8783840377502558E-007   5.0918248429447375E-003
   6.0813500127871796E-002   1.0536290487647647E-006   5.2586401711678752E-003
   6.2805835881331804E-002   1.1238015049268445E-006   5.4309206026563212E-003
   6.4863443354823844E-002   1.1986476215545839E-006   5.6088451817141709E-003
   6.6988460941652658E-002   1.2784786874243902E-006   5.7925988183703345E-003
   6.9183097091893631E-002   1.3636267257045286E-006   5.9823724805458745E-003
   7.1449632607551342E-002   1.4544458751282152E-006   6.1783633925168698E-003
   7.3790423012910070E-002   1.5513138631783964E-006   6.3807752398787870E-003
   7.6207901002541226E-002   1.6546335774146694E-006   6.5898183812257635E-003
   7.8704578969509845E-002   1.7648347414811108E-006   6.8057100667641840E-003
   8.1283051616409946E-002   1.8823757027697322E-006   7.0286746640883194E-003
   8.3945998651939732E-002   2.0077453391787927E-006   7.2589438913520689E-003
   8.6696187575821704E-002   2.1414650929011729E-006   7.4967570580795105E-003
   8.9536476554959374E-002   2.2840911397065898E-006   7.7423613138640933E-003
   9.2469817393822248E-002   2.4362167027456176E-006   7.9960119052153340E-003
   9.5499258602143589E-002   2.5984745205049177E-006   8.2579724408192862E-003
   9.8627948563121043E-002   2.7715394791849384E-006   8.5285151654889441E-003
  0.10185913880541170        2.9561314204557236E-006   8.8079212430889290E-003
  0.10519618738232230        3.1530181362765481E-006   9.0964810487282107E-003
  0.10864256236170655        3.3630185632438967E-006   9.3944944705249608E-003
  0.11220184543019636        3.5870061897629679E-006   9.7022712212564387E-003
  0.11587773561551262        3.8259126902237185E-006   1.0020131160218096E-002
  0.11967405313072436        4.0807318013078061E-006   1.0348404625625994E-002
  0.12359474334445107        4.3525234565606196E-006   1.0687432777908037E-002
  0.12764388088113440        4.6424181964377824E-006   1.1037567954240371E-002
  0.13182567385564073        4.9516218721826532E-006   1.1399174034697467E-002
  0.13614446824659504        5.2814206631143478E-006   1.1772626820396009E-002
  0.14060475241299142        5.6331864282109341E-006   1.2158314424025443E-002
  0.14521116175877419        6.0083824142640438E-006   1.2556637673170704E-002
  0.14996848355023731        6.4085693443658595E-006   1.2968010526846150E-002
  0.15488166189124811        6.8354119120728218E-006   1.3392860505672986E-002
  0.15995580286146688        7.2906857082795308E-006   1.3831629136147256E-002
  0.16519617982290150        7.7762846096377726E-006   1.4284772409459336E-002
  0.17060823890031235        8.2942286592773212E-006   1.4752761255341699E-002
  0.17619760464116291        8.8466724726347873E-006   1.5236082031436570E-002
  0.18197008586099836        9.4359142033830924E-006   1.5735237028691892E-002
  0.18793168168032684        1.0064405106785777E-005   1.6250744993309762E-002
  0.19408858775927784        1.0734759740288279E-005   1.6783141665789775E-002
  0.20044720273651614        1.1449766843810460E-005   1.7332980337626046E-002
  0.20701413487910425        1.2212400945035107E-005   1.7900832426236430E-002
  0.21379620895022325        1.3025834738004868E-005   1.8487288068719739E-002
  0.22080047330189004        1.3893452286559685E-005   1.9092956735057773E-002
  0.22803420720004186        1.4818863107580333E-005   1.9718467861398074E-002
  0.23550492838960102        1.5805917192666142E-005   2.0364471504074121E-002
  0.24322040090738159        1.6858721030780997E-005   2.1031639015041799E-002
  0.25118864315095807        1.7981654698568575E-005   2.1720663739432541E-002
  0.25941793621188136        1.9179390089481198E-005   2.2432261735945983E-002
  0.26791683248190312        2.0456910357606466E-005   2.3167172520829966E-002
  0.27669416454115114        2.1819530657130565E-005   2.3926159836218014E-002
  0.28575905433749466        2.3272920263770071E-005   2.4710012443621639E-002
  0.29512092266663853        2.4823126170252119E-005   2.5519544943399239E-002
  0.30478949896279828        2.6476598254058125E-005   2.6355598621050205E-002
  0.31477483141013157        2.8240216122185937E-005   2.7219042321211882E-002
  0.32508729738543440        3.0121317744661198E-005   2.8110773350263359E-002
  0.33573761424295467        3.2127729995969739E-005   2.9031718408471283E-002
  0.34673685045253166        3.4267801231515606E-005   2.9982834552642182E-002
  0.35809643710263606        3.6550436034673267E-005   3.0965110190277544E-002
  0.36982817978026628        3.8985132279024831E-005   3.1979566106259766E-002
  0.38194427084004662        4.1582020659998671E-005   3.3027256523131029E-002
  0.39445730207527846        4.4351906860386382E-005   3.4109270196060859E-002
  0.40738027780411284        4.7306316525162699E-005   3.5226731543633913E-002
  0.42072662838444419        5.0457543232698511E-005   3.6380801815625627E-002
  0.43451022417157165        5.3818699661908080E-005   3.7572680298972774E-002
  0.44874538993313229        5.7403772168135455E-005   3.8803605563181326E-002
  0.46344691973628793        6.1227678994739532E-005   4.0074856746458068E-002
  0.47863009232263826        6.5306332362422063E-005   4.1387754883891278E-002
  0.49431068698683539        6.9656704694428812E-005   4.2743664279048743E-002
  0.51050499997540622        7.4296899252907674E-005   4.4143993920405938E-002
  0.52722986142282269        7.9246225479988908E-005   4.5590198944061786E-002
  0.54450265284242116        8.4525279356651928E-005   4.7083782144246036E-002
  0.56234132519034907        9.0156029113219141E-005   4.8626295533171209E-002
  0.58076441752131203        9.6161906647477773E-005   5.0219341951829623E-002
  0.59979107625550943        1.0256790503003865E-004   5.1864576733389629E-002
  0.61944107507678148        1.0940068250172018E-004   5.3563709420894445E-002
  0.63973483548264820        1.1668867339456631E-004   5.5318505541023619E-002
  0.66069344800759611        1.2446220643670935E-004   5.7130788435731467E-002
  0.68233869414166970        1.3275363093175342E-004   5.9002441153633969E-002
  0.70469306896714701        1.4159745133583400E-004   6.0935408403074591E-002
  0.72777980453682423        1.5103047079010536E-004   6.2931698568859579E-002
  0.75162289401820570        1.6109194420327853E-004   6.4993385794716085E-002
  0.77624711662869195        1.7182374151810846E-004   6.7122612133590401E-002
  0.80167806338767933        1.8327052183757256E-004   6.9321589767966416E-002
  0.82794216371233442        1.9547991913104875E-004   7.1592603302456828E-002
  0.85506671288468317        2.0850274028827535E-004   7.3938012130983485E-002
  0.88307990041856266        2.2239317633942370E-004   7.6360252880938201E-002
  0.91201083935590965        2.3720902771344330E-004   7.8861841936783666E-002
  0.94188959652284132        2.5301194446415281E-004   8.1445378045634759E-002
  0.97274722377696510        2.6986768245455513E-004   8.4113545007429028E-002
   1.0046157902783956        2.8784637655479241E-004   8.6869114452380963E-002
   1.0375284158180127        3.0702283197825886E-004   8.9714948708486938E-002
   1.0715193052376071        3.2747683495392386E-004   9.2654003761937151E-002
   1.1066237839776665        3.4929348401112299E-004   9.5689332313365447E-002
   1.1428783347897713        3.7256354323628909E-004   9.8824086932961464E-002
   1.1803206356517297        3.9738381894954583E-004  0.10206152331754839     
   1.2189895989248660        4.2385756134314198E-004  0.10540500365282277     
   1.2589254117941675        4.5209489272368686E-004  0.10885800008404230     
   1.3001695780332900        4.8221326410633169E-004  0.11242409829853188     
   1.3427649611378643        5.1433794202193118E-004  0.11610700122348162     
   1.3867558288718882        5.4860252751798375E-004  0.11991053284259068     
   1.4321878992735440        5.8514950946143450E-004  0.12383864213521763     
   1.4791083881682072        6.2413085438634821E-004  0.12789540714178063     
   1.5275660582380732        6.6570863527274878E-004  0.13208503915925970     
   1.5776112696993485        7.1005570179471622E-004  0.13641188707073329     
   1.6292960326397230        7.5735639473686011E-004  0.14088044181299178     
   1.6826740610704674        8.0780730744875971E-004  0.14549534098635847     
   1.7378008287493762        8.6161809738760501E-004  0.15026137361094122     
   1.7947336268325265        9.1901235099028911E-004  0.15518348503363841     
   1.8535316234148125        9.8022850531844603E-004  0.16026678199031108     
   1.9142559250210860        1.0455208301334471E-003  0.16551653782761916     
   1.9769696401118619        1.1151604742841859E-003  0.17093819788911890     
   2.0417379446695296        1.1894365805285450E-003  0.17653738507028652     
   2.1086281499332888        1.2686574731608136E-003  0.18231990554722974     
   2.1777097723531593        1.3531519230818845E-003  0.18829175468390857     
   2.2490546058357803        1.4432704952278658E-003  0.19445912312276770     
   2.3227367963571073        1.5393869835658061E-003  0.20082840306374322     
   2.3988329190194899        1.6418999391730326E-003  0.20740619473665164     
   2.4774220576332864        1.7512342972398221E-003  0.21419931307203197     
   2.5585858869056453        1.8678431091734445E-003  0.22121479457552820     
   2.6424087573219475        1.9922093863360591E-003  0.22845990441093969     
   2.7289777828080406        2.1248480623188358E-003  0.23594214369706257     
   2.8183829312644550        2.2663080810408419E-003  0.24366925702345094     
   2.9107171180666049        2.4171746183629422E-003  0.25164924019019336     
   3.0060763026282320        2.5780714453245953E-003  0.25989034817677087     
   3.1045595881283554        2.7496634415441418E-003  0.26840110334497730     
   3.2062693245054672        2.9326592677707758E-003  0.27719030388082438     
   3.3113112148259112        3.1278142070377741E-003  0.28626703248020552     
   3.4197944251370904        3.3359331843413318E-003  0.29564066528297112     
   3.5318316979195701        3.5578739752551449E-003  0.30532088105987842     
   3.6475394692560767        3.7945506143875003E-003  0.31531767065666860     
   3.7670379898390891        4.0469370150917009E-003  0.32564134669926037     
   3.8904514499428049        4.3160708123510371E-003  0.33630255356376204     
   4.0179081084893999        4.6030574412724975E-003  0.34731227761465594     
   4.1495404263436280        4.9090744641362757E-003  0.35868185771409605     
   4.2854852039743960        5.2353761594570690E-003  0.37042299600483453     
   4.4258837236262645        5.5832983870129308E-003  0.38254776896875020     
   4.5708818961487516        5.9542637432849713E-003  0.39506863876240472     
   4.7206304126359049        6.3497870222181917E-003  0.40799846483038038     
   4.8752849010338650        6.7714809966564395E-003  0.42135051579646404     
   5.0350060878790472        7.2210625362136138E-003  0.43513848163192898     
   5.1999599653351618        7.7003590777129580E-003  0.44937648609932540     
   5.3703179637025267        8.2113154646457093E-003  0.46407909946921461     
   5.5462571295791099        8.7560011723629514E-003  0.47926135150628879     
   5.7279603098582923        9.3366179359062398E-003  0.49493874472017896     
   5.9156163417547427        9.9555077974982763E-003  0.51112726787510254     
   6.1094202490557210        1.0615161590735441E-002  0.52784340975121691     
   6.3095734448019360        1.1318227878446515E-002  0.54510417314922976     
   6.5162839406084281        1.2067522360985222E-002  0.56292708912844958     
   6.7297665628431753        1.2866037771403611E-002  0.58133023146696516     
   6.9502431758879695        1.3716954273490413E-002  0.60033223133127323     
   7.1779429127136147        1.4623650378046117E-002  0.61995229214108338     
   7.4131024130091774        1.5589714391991829E-002  0.64021020461365452     
   7.6559660691125613        1.6618956413960571E-002  0.66112636197052455     
   7.9067862799982533        1.7715420888896660E-002  0.68272177528818800     
   8.1658237135859224        1.8883399732876824E-002  0.70501808897299623     
   8.4333475776427562        2.0127446037875613E-002  0.72803759633951670     
   8.7096358995608050        2.1452388364519584E-002  0.75180325527071101     
   8.9949758153003554        2.2863345629029665E-002  0.77633870393770954     
   9.2896638677993622        2.4365742588544563E-002  0.80166827655671102     
   9.5940063151593353        2.5965325926881846E-002  0.82781701916071593     
   9.9083194489276760        2.7668180940553799E-002  0.85481070536442538     
   10.232929922807546        2.9480748822562991E-002  0.88267585210188548     
   10.568175092136585        3.1409844539205430E-002  0.91143973531826061     
   10.914403364487571        3.3462675292887899E-002  0.94113040559973382     
   11.271974561755105        3.5646859561894347E-002  0.97177670372884661     
   11.641260294104921        3.7970446706228740E-002   1.0034082761568639     
   12.022644346174131        4.0441937127225602E-002   1.0360555903897886     
   12.416523075924106        4.3070302967707225E-002   1.0697499502908281     
   12.823305826560219        4.5865009339221864E-002   1.1045235113091072     
   13.243415351946643        4.8836036063509988E-002   1.1404092956524199     
   13.677288255958494        5.1993899916999750E-002   1.1774412074308300     
   14.125375446227540        5.5349677370041324E-002   1.2156540478076703     
   14.588142602753489        5.8915027816979937E-002   1.2550835302050571     
   15.066070661867418        6.2702217299256888E-002   1.2957662956221991     
   15.559656316050750        6.6724142731764316E-002   1.3377399281362663     
   16.069412530128773        7.0994356652869531E-002   1.3810429706671901     
   16.595869074375614        7.5527092531101236E-002   1.4257149410992946     
   17.139573075084254        8.0337290676612785E-002   1.4717963488633379     
   17.701089583174220        8.5440624823376055E-002   1.5193287120925489     
   18.281002161427427        9.0853529468692157E-002   1.5683545754744663     
   18.879913490962945        9.6593228080065208E-002   1.6189175289268161     
   19.498445997580454       0.10267776230572871        1.6710622272293860     
   20.137242498623895       0.10912602235398644        1.7248344107445186     
   20.796966871036961       0.11595777873779041        1.7802809273557738     
   21.478304741305330       0.12319371561426955        1.8374497557469809     
   22.181964198002195       0.13085546598375966        1.8963900301317207     
   22.908676527677724       0.13896564904868688        1.9571520665259781     
   23.659196974857590       0.14754791006871776        2.0197873906337338     
   24.434305526939713       0.15662696308410123        2.0843487673863725     
   25.234807724805755       0.16622863691325954        2.1508902321422552     
   26.061535499988949       0.17637992486245818        2.2194671235118899     
   26.915348039269166       0.18710903861395042        2.2901361177282427     
   27.797132677592884       0.19844546678335634        2.3629552644298086     
   28.707805820246922       0.21042003865646602        2.4379840236683381     
   29.648313895243422       0.22306499362932128        2.5152833038926086     
   30.619634336906788       0.23641405688287220        2.5949155005968572     
   31.622776601683793       0.25050252182421223        2.6769445352570971     
   32.658783217233598       0.26536733982031835        2.7614358941124024     
   33.728730865886888       0.28104721773728608        2.8484566662819599     
   34.833731503601200       0.29758272377863926        2.9380755806435839     
   35.974933515574236       0.31501640209079462        3.0303630408357511     
   37.153522909717282       0.33339289657296095        3.1253911576846884     
   38.370724549227880       0.35275908429333036        3.2232337783000009     
   39.627803425543931       0.37316421887448092        3.3239665110281491     
   40.926065973001094       0.39466008416918053        3.4276667454018090     
   42.266861426560283       0.41730115850440602        3.5344136661752903     
   43.651583224016612       0.44114478972703353        3.6442882604906446     
   45.081670454146007       0.46625138124004240        3.7573733171753831     
   46.558609352295910       0.49268458917372243        3.8737534171299619     
   48.083934844972845       0.52051153079234314        3.9935149137198258     
   49.659232145033627       0.54980300419314609        4.1167459020423021     
   51.286138399136483       0.58063371931075647        4.2435361758909176     
   52.966344389165805       0.61308254019572361        4.3739771711884110     
   54.701596289397159       0.64723273848957674        4.5081618946028605     
   56.493697481230285       0.68317225796962311        4.6461848359985929     
   58.344510427374480       0.72099398998270336        4.7881418633033759     
   60.255958607435808       0.76079605952687435        4.9341300982959568     
   62.230028516915951       0.80268212167108255        5.0842477717318868     
   64.268771731702003       0.84676166792346197        5.2385940561317188     
   66.374307040190899       0.89315034206613131        5.3972688744530943     
   68.548822645266199       0.94197026486616620        5.5603726827584241     
   70.794578438413808       0.99335036694559165        5.7280062248727210     
   73.113908348341724        1.0474267289453718        5.9002702569033794     
   75.509222766543417        1.1043429279461878        6.0772652393664615     
   77.983011052325850        1.1642503889093658        6.2590909945342581     
   80.537844119906680        1.2273087396715208        6.4458463264894794     
   83.176377110267083        1.2936861677627154        6.6376286012441623     
   85.901352150539608        1.3635597770174956        6.8345332841614388     
   88.715601203796083        1.4371159416070027        7.0366534318081015     
   91.622049012200009        1.5145506547358825        7.2440791352722114     
   94.623716136579304        1.5960698688162842        7.4568969119070543     
   97.723722095581110        1.6818898234505066        7.6751890424193441     
   100.92528860766855        1.7722373570208236        7.8990328502111122     
   104.23174293933036        1.8673501970985955        8.1284999199236339     
   107.64652136298349        1.9674772242432290        8.3636552522251293     
   111.17317272815920        2.0728787030655265        8.6045563520455115     
   114.81536214968841        2.1838264736807997        8.8512522477040925     
   118.57687481671597        2.3006040958778740        9.1037824387128001     
   122.46161992650489        2.4235069374863309        9.3621757704847735     
   126.47363474711523        2.5528421975437210        9.6264492347523198     
   130.61708881318404        2.6889288539580232        9.8966066952160858     
   134.89628825916532        2.8320975244422346        10.172637538827447     
   139.31568029453035        2.9826902285857178        10.454515254164519     
   143.87985782558465        3.1410600380437921        10.742195939619920     
   148.59356422870059        3.3075706009988899        11.035616745586417     
   153.46169827992941        3.4825955263068971        11.334694256524706     
   158.48931924611142        3.6665176121274290        11.639322820732200     
   163.68165214278102        3.8597279033910055        11.949372837813913     
   169.04409316432631        4.0626245622265751        12.264689016285471     
   174.58221529205039        4.2756115355151456        12.585088616410705     
   180.30177408595699        4.4990970041066420        12.910359696277135     
   186.20871366628694        4.7334915990020630        13.240259382221064     
   192.30917289101575        4.9792063710256009        13.574512187989951     
   198.60949173573715        5.2366505022599661        13.912808410429024     
   205.11621788255667        5.5062287498572768        14.254802632931650     
   211.83611352485045        5.7883386158313543        14.600112371321714     
   218.77616239495518        6.0833672401370400        14.948316900136293     
   225.94357702209783        6.3916880187947385        15.298956300332778     
   233.34580622810046        6.7136569540480417        15.651530772116651     
   240.99054286865930        7.0496087495582360        16.005500258719280     
   248.88573182823905        7.3998526704175749        16.360284428378616     
   257.03957827688646        7.7646681952535603        16.715263062305745     
   265.46055619755418        8.1443004958064087        17.069776895870916     
   274.15741719278810        8.5389557879579741        17.423128958419053     
   283.13919957993789        8.9487966070925395        17.774586453855981     
   292.41523778433367        9.3739370696489885        18.123383219263772     
   301.99517204020191        9.8144381915025196        18.468722792187233     
   311.88895840939352        10.270303342066232        18.809782108794664     
   322.10687912834345        10.741473920368687        19.145715844834207     
   332.65955329400470        11.227825345443176        19.475661399226158     
   343.55794789987499        11.729163457754485        19.798744506386605     
   354.81338923357532        12.245221430673354        20.114085448186749     
   366.43757464783334        12.775657290806462        20.420805820144512     
   378.44258471709355        13.320052142958479        20.718035789433586     
   390.84089579240248        13.877909189375798        21.004921765106992     
   403.64539296760483        14.448653623530525        21.280634384151888     
   416.86938347033549        15.031633466000944        21.544376701292588     
   430.52661049171098        15.626121394087360        21.795392456526574     
   444.63126746910837        16.231317597923500        22.032974282918371     
   459.19801283686854        16.846353674416662        22.256471708851105     
   474.24198526024480        17.470297546949510        22.465298804334445     
   489.77881936844665        18.102159374124135        22.658941320568903     
   505.82466200311376        18.740898385754438        22.836963176083206     
   522.39618899911977        19.385430559744488        22.999012151540896     
   539.51062251512792        20.034637030380004        23.144824668674417     
   557.18574893193045        20.687373097855108        23.274229546472739     
   575.43993733715661        21.342477691437459        23.387150649216931     
   594.29215861557270        21.998783125301884        23.483608365536838     
   613.76200516479457        22.655124977333493        23.563719884490148     
   633.86971125692764        23.310351917515799        23.627698262764323     
   654.63617406727474        23.963335314036282        23.675850305423346     
   676.08297539198190        24.612978451904397        23.708573310101251     
   698.23240407717185        25.258225210368639        23.726350750173580     
   721.10747918290053        25.898068061235058        23.729746995293826     
   744.73197390598887        26.531555269620192        23.719401187004792     
   769.13044028660988        27.157797200887646        23.696020402336899     
   794.32823472428220        27.775971661591718        23.660372249014316     
   820.35154432981767        28.385328227224850        23.613277041943117     
   847.22741414059635        28.985191534497911        23.555599712111626     
   874.98377522743635        29.574963539895457        23.488241596133193     
   903.64947372230233        30.154124768574430        23.412132247827540     
   933.25430079699049        30.722234597672383        23.328221403008342     
   963.82902362397056        31.278930635283821        23.237471215666332     
   995.40541735152749        31.823927270426381        23.140848868694079     
   1028.0162981264746        32.357013480095141        23.039319645895485     
   1061.6955571987241        32.878049986982404        22.933840534937232     
   1096.4781961431852        33.386965865740372        22.825354413756607     
   1132.4003632355577        33.883754697018034        22.714784856294276     
   1169.4993910198723        34.368470367223949        22.603031577729073     
   1207.8138351067798        34.841222608416992        22.490966525023047     
   1247.3835142429432        35.302172367321241        22.379430605797495     
   1288.2495516931349        35.751527085599236        22.269231037527355     
   1330.4544179780901        36.189535965610617        22.161139289838044     
   1374.0419750125150        36.616485287304165        22.055889585321466     
   1419.0575216890927        37.032693832980932        21.954177918694597     
   1465.5478409559128        37.438508467726997        21.856661550193706     
   1513.5612484362073        37.834299914582417        21.763958926681681     
   1563.1476426409538        38.220458755207744        21.676649982872743     
   1614.3585568264868        38.597391679057850        21.595276775161700     
   1667.2472125510644        38.965517997006160        21.520344401593949     
   1721.8685749860060        39.325266429029455        21.452322163343425     
   1778.2794100389228        39.677072170006966        21.391644925501193     
   1836.5383433483473        40.021374232908869        21.338714637857287     
   1896.7059212111483        40.358613064626709        21.293901979539065     
   1958.8446735059890        40.689228426397470        21.257548094723138     
   2023.0191786782718        41.013657528142680        21.229966390061563     
   2089.2961308540407        41.332333404023302        21.211444367863770     
   2157.7444091526690        41.645683515041931        21.202245472389027     
   2228.4351492703031        41.954128563532088        21.202610929768905     
   2301.4418174085090        42.258081503804753        21.212761565061033     
   2376.8402866248784        42.557946733002986        21.232899582701997     
   2454.7089156850284        42.854119446295854        21.263210299164143     
   2535.1286304979071        43.146985140861823        21.303863818918380     
   2618.1830082189863        43.436919253621845        21.355016646862026     
   2703.9583641088461        43.724286918344859        21.416813232192297     
   2792.5438412373364        44.009442828514764        21.489387440298962     
   2884.0315031266059        44.292731193191301        21.572863950628626     
   2978.5164294291912        44.574485773989451        21.667359579649577     
   3076.0968147407111        44.855029992213261        21.772984529038087     
   3176.8740706497692        45.134677096094606        21.889843560028606     
   3280.9529311311903        45.413730378989918        22.018037095539579     
   3388.4415613920273        45.692483440258457        22.157662252220735     
   3499.4516702835767        45.971220481386133        22.308813804979717     
   3614.0986263961313        46.250216630707783        22.471585086855388     
   3732.5015779572063        46.529738290826309        22.646068827322406     
   3854.7835766577209        46.810043503516418        22.832357932252972     
   3981.0717055349774        47.091382327538390        23.030546208837347     
   4111.4972110452209        47.373997225370147        23.240729038787169     
   4246.1956394631297        47.658123455396492        23.463004003123668     
   4385.3069777498604        47.943989466573015        23.697471461794770     
   4528.9757990362041        48.231817293014281        23.944235091280500     
   4677.3514128719808        48.521822946340130        24.203402383238338     
   4830.5880203977285        48.814216803957557        24.475085107116115     
   4988.8448746001268        49.109203991757497        24.759399739525541     
   5152.2864458175618        49.406984759973618        25.056467863024459     
   5321.0825926679418        49.707754851183900        25.366416536807222     
   5495.4087385762487        50.011705859634574        25.689378641650400     
   5675.4460540854770        50.319025581243352        26.025493201307551     
   5861.3816451402845        50.629898353782288        26.374905682395180     
   6053.4087475391361        50.944505386862723        26.737768274661416     
   6251.7269277568621        51.263025081442628        27.114240153383133     
   6456.5422903465624        51.585633338652293        27.504487725496034     
   6668.0676921362183        51.912503857785502        27.908684860927615     
   6886.5229634427624        52.243808423341555        28.327013110476788     
   7112.1351365332957        52.579717181010189        28.759661911466189     
   7345.1386815711585        52.920398902494000        29.206828782288493     
   7585.7757502918357        53.266021239034018        29.668719506874307     
   7834.2964276621196        53.616750963468981        30.145548310031792     
   8090.9589917838293        53.972754200601720        30.637538024544963     
   8356.0301823124737        54.334196645580775        31.144920250876165     
   8629.7854776697022        54.701243769922392        31.667935510291077     
   8912.5093813374588        55.074061014710139        32.206833392224127     
   9204.4957175317213        55.452813970411697        32.761872696719934     
   9506.0479365628089        55.837668542648437        33.333321572829348     
   9817.4794301998445        56.228791103150478        33.921457653905804     
   10139.113857366799        56.626348625024846        34.526568190838205     
   10471.285480509006        57.030508801365400        35.148950184374037     
   10814.339512979375        57.441440146143769        35.788910517825038     
   11168.632477805611        57.859312076239959        36.446766091614180     
   11534.532578210930        58.284294973413580        37.122843961308376     
   11912.420080273761        58.716560224974778        37.817481480991546     
   12302.687708123811        59.156280241908568        38.531026454061113     
   12705.741052085419        59.603628453221042        39.263837293775453     
   13121.998990192042        60.058779275346190        40.016283196141927     
   13551.894123510378        60.521908055552736        40.788744328003794     
   13995.873225726178        60.993190988452405        41.581612033461660     
   14454.397707459280        61.472805004923892        42.395289062041186     
   14927.944095789975        61.960927633045756        43.230189822288267     
   15417.004529495583        62.457736830974738        44.086740664728666     
   15922.087270511700        62.963410792118502        44.965380198359213     
   16443.717232149324        63.478127723438767        45.866559645032353     
   16982.436524617460        64.002065598275280        46.790743236244552     
   17538.805018417603        64.535401885704673        47.738408656923397     
   18113.400926196027        65.078313259135271        48.710047540816689     
   18706.821403658018        65.630975287577357        49.706166022003316     
   19319.683170169261        66.193562113806848        50.727285346853691     
   19952.623149688789        66.766246124442361        51.773942550452823     
   20606.299132700005        67.349197617756928        52.846691201045076     
   21281.390459827133        67.942584475827957        53.946102215462872     
   21978.598727848275        68.546571848352940        55.072764747746682     
   22698.648518838214        69.161321856100514        56.227287152252558     
   23442.288153199228        69.786993322488883        57.410298021482170     
   24210.290467361800        70.423741542150154        58.622447297663399     
   25003.453616964347        71.071718095515052        59.864407455787060     
   25822.601906345957        71.731070718402847        61.136874754379569     
   26668.586645214808        72.401943235302767        62.440570548815565     
   27542.287033381690        73.084475564453328        63.776242660479078     
   28444.611074479140        73.778803801961487        65.144666793626598     
   29376.496519615306        74.485060391039653        66.546647990445294     
   30338.911841942718        75.203374380992955        67.983022113591389     
   31332.857243155890        75.933871778880075        69.454657344508149     
   32359.365692962809        76.676675994831541        70.962455685106562     
   33419.504002611429        77.431908379895177        72.507354450005423     
   34514.373933585644        78.199688853049864        74.090327736511682     
   35645.113342624463        78.980136611757359        75.712387859905760     
   36812.897364253127        79.773370918190750        77.374586742391799     
   38018.939632056128        80.579511951176300        79.078017245281288     
   39264.493539960014        81.398681711982334        80.823814435565268     
   40550.853544838435        82.231004970488200        82.613156779972456     
   41879.356511791826        83.076610237009547        84.447267261822404     
   43251.383103500884        83.935630744219623        86.327414418412786     
   44668.359215096345        84.808205423214531        88.254913299224441     
   46131.757456037907        85.694479857846687        90.231126347806253     
   47643.098680541560        86.594607201987955        92.257464212708683     
   49203.953568145109        87.508749045352118        94.335386495182732     
   50815.944256056100        88.437076214872633        96.466402443470486     
   52480.746024977227        89.379769500315376        98.652071605306134     
   54200.089040162384        90.337020294752975        100.89400445167672     
   55975.760149511043        91.309031142627816        103.19386298591449     
   57809.604740571871        92.296016190328274        105.55336135281021     
   59703.528658383657        93.298201536379281        107.97426646262831     
   61659.500186148223        94.315825480445938        110.45839864471812     
   63679.552090791622        95.349138672282677        113.00763234486686     
   65765.783735542122        96.398404163480549        115.62389687970568     
   67920.363261718434        97.463897366312580        118.30917726038727     
   70145.529841997137        98.545905925140261        121.06551509650143     
   72443.596007499058        99.644729506687341        123.89500958982640     
   74816.950051115535        100.76067951603011        126.79981862611065     
   77268.058509570212        101.89407874538628        129.78215997168513     
   79799.468726797684        103.04526096275374        132.84431258040294     
   82413.811501300297        104.21457044716442        135.98861801520229     
   85113.803820237590        105.40236147683814        139.21748198756552     
   87902.251683088427        106.60899777586714        142.53337601729808     
   90782.053017818616        107.83485192429501        145.93883921441602     
   93756.200692588114        109.08030473561810        149.43648018450969     
   96827.785626124867        110.34574460486242        153.02897905875184     
   100000.00000000000        111.63156682953971        156.71908964972630     
